c-01  - 3 4 3 5 4 4 5 4 5 4 6 6 5 7 4 7 6 4 5 5 6 6 5 4 5 5 7 4 4 5 6
c-06  4 - 3 4 6 4 4 3 3 5 2 6 5 5 5 4 6 6 5 5 5 5 5 6 5 4 5 6 4 3 4 6
c-07  3 4 - 6 5 5 3 4 4 5 4 6 4 5 5 5 7 5 5 5 6 5 5 5 6 4 6 6 6 3 5 6
c-13 3 2 0 - 2 4 3 3 2 3 3 3 3 4 3 5 2 3 4 3 3 4 4 3 4 4 3 5 4 3 3 4
c-17 2 2 2 5 - 3 6 4 4 5 2 5 4 2 5 5 6 6 3 5 6 6 6 5 6 6 5 6 6 3 5 6
c-22 2 2 1 3 4 - 4 3 3 4 3 5 3 3 4 2 3 5 3 5 4 5 4 5 4 3 4 5 4 3 5 5
c-10 4 4 5 5 3 4 - 6 5 7 4 5 5 4 6 4 6 4 4 3 6 7 5 5 7 7 5 7 7 3 7 7
c-27 2 4 3 4 4 4 3 - 5 6 3 5 6 4 5 4 6 5 5 5 5 6 6 4 7 8 4 7 5 4 5 6
c-05  2 3 3 3 2 3 2 1 - 5 3 3 4 2 3 3 4 2 2 2 3 4 2 2 5 4 4 5 3 3 4 6
c-09  3 3 3 5 4 4 3 3 2 - 1 6 4 3 5 4 6 5 4 3 5 6 5 6 6 6 5 7 4 2 5 6
c-23 1 2 0 2 3 3 2 2 1 5 - 3 1 2 4 2 2 2 2 3 5 3 4 3 4 2 2 4 3 3 5 4
c-12 2 2 2 5 4 3 5 4 4 4 3 - 6 6 6 6 5 4 4 5 5 6 5 6 6 5 5 6 6 5 5 7
c-16 1 2 3 4 4 5 4 2 3 5 5 3 - 4 4 2 4 4 3 4 5 3 5 6 5 5 4 7 4 4 6 7
c-24 1 1 1 4 5 4 4 3 3 5 3 2 3 - 4 3 4 3 2 3 4 4 4 5 5 4 3 4 4 3 5 5
c-32 1 3 3 5 4 4 4 4 4 5 2 4 5 4 - 6 6 7 3 5 4 5 4 6 6 6 4 5 6 4 6 6
c-02  2 2 1 2 2 5 4 3 2 4 4 2 5 4 2 - 3 3 3 3 4 6 3 2 3 4 4 4 4 4 4 5
c-14 1 2 1 5 2 4 3 2 3 3 3 4 4 3 3 4 - 4 3 3 3 4 5 3 5 4 5 6 4 3 4 7
c-15 2 2 3 4 2 2 5 3 5 4 3 5 4 4 2 4 5 - 4 4 4 4 5 4 6 6 4 5 6 5 5 7
c-04  3 2 2 2 4 3 4 2 4 4 3 4 4 4 5 4 5 4 - 4 4 5 6 4 5 5 3 4 3 4 4 6
c-18 1 2 1 3 3 2 5 2 4 5 2 3 4 3 3 3 4 3 2 - 4 5 4 4 3 4 4 4 4 3 4 7
c-31 2 2 1 4 2 4 3 3 4 4 1 4 4 3 5 3 5 4 3 4 - 5 4 4 4 4 3 6 5 3 6 7
c-26 1 2 2 3 2 2 2 2 2 3 3 3 5 3 4 2 4 4 3 2 3 - 4 3 4 5 3 6 5 3 3 6
c-03  1 2 2 4 2 3 4 2 4 4 1 4 3 4 5 4 3 3 1 3 4 4 - 6 4 6 3 3 4 2 5 5
c-08  1 1 1 4 3 1 3 3 3 2 1 2 1 2 2 4 4 3 2 3 3 4 2 - 5 4 3 4 5 2 4 4
c-19 2 1 1 2 1 2 1 0 1 2 1 2 2 1 2 4 2 1 2 3 3 4 3 1 - 5 3 6 3 2 4 5
c-29 2 3 3 3 2 4 2 1 2 3 3 4 3 3 3 3 4 2 2 3 4 3 2 3 2 - 5 4 3 3 4 5
c-30 1 2 0 4 3 3 3 3 1 3 3 3 3 4 4 3 2 3 3 3 4 4 4 4 3 2 - 5 3 2 3 4
c-28 1 1 1 2 2 2 2 1 1 2 2 3 1 3 4 3 2 3 3 3 2 2 5 3 1 4 2 - 2 2 4 4
c-20 1 1 0 2 0 2 0 1 2 3 1 1 2 2 1 2 2 0 2 1 1 1 2 0 3 3 3 4 - 1 4 3
c-25 1 1 1 2 2 3 3 1 1 4 3 1 2 2 2 2 2 0 1 2 3 3 3 2 3 2 3 4 3 - 4 6
c-11 1 2 2 4 2 2 1 2 2 3 0 3 1 2 2 3 3 2 2 2 1 4 2 2 3 3 4 3 3 1 - 4
c-21 1 1 1 3 2 3 2 2 1 3 2 2 2 2 3 2 1 1 1 1 2 2 3 3 2 3 3 4 3 0 3 -
