c-1  - 4 6 4 4 3 4 5 5 4 5 6 3 7 6 6 5 5 4 4 6 4 4 5 4 6 5 7 5 5 5 7
c-2  2 - 3 3 2 2 1 2 4 4 4 2 2 3 3 5 2 3 3 4 5 5 4 4 4 6 3 4 4 4 4 2
c-3  1 4 - 1 4 2 2 6 4 4 5 4 4 3 3 3 2 3 4 4 5 3 1 4 2 4 2 3 6 3 4 5
c-4  3 4 6 - 4 2 2 4 4 4 4 4 2 5 4 4 4 4 5 3 6 3 3 4 4 5 2 4 5 3 4 5
c-5  2 3 2 2 - 3 3 2 5 2 4 3 3 4 2 4 2 2 5 3 6 3 3 2 3 4 1 5 4 4 3 3
c-6  4 4 5 5 3 - 3 6 5 4 4 6 4 6 6 5 6 5 5 4 6 4 2 5 3 5 3 6 4 5 5 5
c-7  3 5 5 5 4 4 - 5 5 3 5 6 6 7 5 4 5 5 6 6 6 5 4 5 3 5 4 6 4 6 6 5
c-8  1 4 2 2 3 1 1 - 2 3 4 2 4 4 3 1 3 3 5 5 4 1 1 2 2 4 3 4 4 3 3 2
c-9  3 4 5 4 2 3 3 6 - 3 5 6 5 6 5 4 4 3 6 4 6 4 1 3 2 6 3 7 6 5 5 5
c-10 4 4 5 4 5 4 5 5 7 - 7 5 5 6 4 5 3 3 7 7 7 4 4 4 3 7 6 7 7 5 6 6
c-11 1 3 2 2 2 2 2 2 3 1 - 3 4 3 2 1 2 2 3 3 4 2 0 2 1 4 2 3 3 4 1 2
c-12 2 6 5 4 4 2 2 6 4 5 5 - 5 5 4 6 4 5 6 6 7 3 3 6 5 6 4 6 5 5 5 6
c-13 3 5 4 4 2 2 0 3 3 3 3 3 - 2 3 3 2 3 4 4 4 4 3 4 3 4 3 5 4 3 3 3
c-14 1 4 5 3 3 2 1 3 3 3 4 4 5 - 4 4 2 3 5 4 7 4 3 3 3 4 2 6 4 5 3 3
c-15 2 4 5 4 5 2 3 4 4 5 5 5 4 5 - 4 2 4 6 6 7 2 3 4 5 4 3 5 6 4 4 2
c-16 1 2 5 3 3 2 3 6 5 4 6 3 4 4 4 - 4 4 5 4 7 5 5 4 4 3 2 7 5 4 5 4
c-17 2 5 6 3 4 2 2 5 5 6 5 5 5 6 6 4 - 5 6 6 6 3 2 2 3 6 4 6 6 5 6 5
c-18 1 3 4 2 4 2 1 4 5 5 4 3 3 4 3 4 3 - 3 4 7 2 2 3 3 5 2 4 4 4 4 3
c-19 2 4 3 2 1 1 1 1 2 1 4 2 2 2 1 2 1 3 - 3 5 2 1 1 2 4 0 6 5 3 3 2
c-20 1 2 2 2 2 1 0 0 3 0 4 1 2 2 0 2 0 1 3 - 3 2 1 2 1 1 1 4 3 3 1 1
c-21 1 2 3 1 1 1 1 3 3 2 3 2 3 1 1 2 2 1 2 3 - 3 2 2 0 2 2 4 3 3 2 3
c-22 2 2 4 3 3 2 1 5 4 4 5 5 3 3 5 3 4 5 4 4 5 - 3 3 3 5 3 5 3 4 4 4
c-23 1 2 4 2 1 2 0 3 5 2 5 3 2 2 2 1 3 3 4 3 4 3 - 2 3 3 2 4 2 2 5 4
c-24 1 3 4 2 3 1 1 5 5 4 5 2 4 4 3 3 5 3 5 4 5 4 3 - 3 4 3 4 4 3 4 4
c-25 1 2 3 1 1 1 1 2 4 3 4 1 2 2 0 2 2 2 3 3 6 3 3 2 - 3 1 4 2 3 3 2
c-26 1 2 4 3 2 2 2 3 3 2 3 3 3 4 4 5 2 2 4 5 6 2 3 3 3 - 2 6 5 3 3 4
c-27 2 4 6 5 5 4 3 4 6 3 5 5 4 6 5 6 4 5 7 5 6 4 3 4 4 6 - 7 8 4 5 5
c-28 1 3 5 3 1 1 1 3 2 2 4 3 2 2 3 1 2 3 1 2 4 2 2 3 2 2 1 - 4 2 2 4
c-29 2 3 2 2 2 3 3 3 3 2 4 4 3 4 2 3 2 3 2 3 5 4 3 3 3 3 1 4 - 5 4 3
c-30 1 3 4 3 1 2 0 4 3 3 3 3 4 2 3 3 3 3 3 3 4 3 3 4 2 4 3 5 2 - 4 4
c-31 2 3 4 3 4 2 1 4 4 3 6 4 4 5 4 4 2 4 4 5 7 4 1 3 3 5 3 6 4 3 - 5
c-32 1 6 4 3 4 3 3 6 5 4 6 4 5 6 7 5 4 5 6 6 6 4 2 4 4 5 4 5 6 4 4 -
