1. 平局:
c-1  (未被任何其他投票选项击败)
c-6  (未被任何其他投票选项击败)
3. c-7, 负于 c-1，差距为 4–3
4. 平局:
c-13, 负于 c-7，差距为 6–0
c-17, 负于 c-7，差距为 5–2
c-22, 负于 c-7，差距为 5–1
7. c-10, 负于 c-17，差距为 6–3
8. c-27, 负于 c-10，差距为 6–3
9. 平局:
c-5, 负于 c-27，差距为 5–1
c-9, 负于 c-27，差距为 6–3
c-23, 负于 c-27，差距为 3–2
12. c-12, 负于 c-9，差距为 6–4
13. c-16, 负于 c-12，差距为 6–3
14. 平局:
c-24, 负于 c-16，差距为 4–3
c-32, 负于 c-12，差距为 6–4
16. 平局:
c-2, 负于 c-32，差距为 6–2
c-14, 负于 c-24，差距为 4–3
c-15, 负于 c-32，差距为 7–2
19. 平局:
c-4, 负于 c-27，差距为 5–2
c-18, 负于 c-15，差距为 4–3
c-31, 负于 c-2，差距为 4–3
22. c-26, 负于 c-4，差距为 5–3
23. c-3, 负于 c-4，差距为 6–1
24. c-8, 负于 c-3，差距为 6–2
25. c-19, 负于 c-8，差距为 5–1
26. c-29, 负于 c-19，差距为 5–2
27. c-30, 负于 c-29，差距为 5–2
28. c-28, 负于 c-30，差距为 5–2
29. 平局:
c-20, 负于 c-8，差距为 5–0
c-25, 负于 c-29，差距为 3–2
31. c-11, 负于 c-20，差距为 4–3
32. c-21, 负于 c-11，差距为 4–3

         1  2  3  4  5  6  7  8  9  10 11 12 13 14 15 16 17 18 19 20 21 22 23 24 25 26 27 28 29 30 31 32
1. c-1   -  3  4  3  5  4  4  5  4  5  4  6  6  5  7  4  7  6  4  5  5  6  6  5  4  5  5  7  4  4  5  6
2. c-6   4  -  3  4  6  4  4  3  3  5  2  6  5  5  5  4  6  6  5  5  5  5  5  6  5  4  5  6  4  3  4  6
3. c-7   3  4  -  6  5  5  3  4  4  5  4  6  4  5  5  5  7  5  5  5  6  5  5  5  6  4  6  6  6  3  5  6
4. c-13  3  2  0  -  2  4  3  3  2  3  3  3  3  4  3  5  2  3  4  3  3  4  4  3  4  4  3  5  4  3  3  4
5. c-17  2  2  2  5  -  3  6  4  4  5  2  5  4  2  5  5  6  6  3  5  6  6  6  5  6  6  5  6  6  3  5  6
6. c-22  2  2  1  3  4  -  4  3  3  4  3  5  3  3  4  2  3  5  3  5  4  5  4  5  4  3  4  5  4  3  5  5
7. c-10  4  4  5  5  3  4  -  6  5  7  4  5  5  4  6  4  6  4  4  3  6  7  5  5  7  7  5  7  7  3  7  7
8. c-27  2  4  3  4  4  4  3  -  5  6  3  5  6  4  5  4  6  5  5  5  5  6  6  4  7  8  4  7  5  4  5  6
9. c-5   2  3  3  3  2  3  2  1  -  5  3  3  4  2  3  3  4  2  2  2  3  4  2  2  5  4  4  5  3  3  4  6
10. c-9  3  3  3  5  4  4  3  3  2  -  1  6  4  3  5  4  6  5  4  3  5  6  5  6  6  6  5  7  4  2  5  6
11. c-23 1  2  0  2  3  3  2  2  1  5  -  3  1  2  4  2  2  2  2  3  5  3  4  3  4  2  2  4  3  3  5  4
12. c-12 2  2  2  5  4  3  5  4  4  4  3  -  6  6  6  6  5  4  4  5  5  6  5  6  6  5  5  6  6  5  5  7
13. c-16 1  2  3  4  4  5  4  2  3  5  5  3  -  4  4  2  4  4  3  4  5  3  5  6  5  5  4  7  4  4  6  7
14. c-24 1  1  1  4  5  4  4  3  3  5  3  2  3  -  4  3  4  3  2  3  4  4  4  5  5  4  3  4  4  3  5  5
15. c-32 1  3  3  5  4  4  4  4  4  5  2  4  5  4  -  6  6  7  3  5  4  5  4  6  6  6  4  5  6  4  6  6
16. c-2  2  2  1  2  2  5  4  3  2  4  4  2  5  4  2  -  3  3  3  3  4  6  3  2  3  4  4  4  4  4  4  5
17. c-14 1  2  1  5  2  4  3  2  3  3  3  4  4  3  3  4  -  4  3  3  3  4  5  3  5  4  5  6  4  3  4  7
18. c-15 2  2  3  4  2  2  5  3  5  4  3  5  4  4  2  4  5  -  4  4  4  4  5  4  6  6  4  5  6  5  5  7
19. c-4  3  2  2  2  4  3  4  2  4  4  3  4  4  4  5  4  5  4  -  4  4  5  6  4  5  5  3  4  3  4  4  6
20. c-18 1  2  1  3  3  2  5  2  4  5  2  3  4  3  3  3  4  3  2  -  4  5  4  4  3  4  4  4  4  3  4  7
21. c-31 2  2  1  4  2  4  3  3  4  4  1  4  4  3  5  3  5  4  3  4  -  5  4  4  4  4  3  6  5  3  6  7
22. c-26 1  2  2  3  2  2  2  2  2  3  3  3  5  3  4  2  4  4  3  2  3  -  4  3  4  5  3  6  5  3  3  6
23. c-3  1  2  2  4  2  3  4  2  4  4  1  4  3  4  5  4  3  3  1  3  4  4  -  6  4  6  3  3  4  2  5  5
24. c-8  1  1  1  4  3  1  3  3  3  2  1  2  1  2  2  4  4  3  2  3  3  4  2  -  5  4  3  4  5  2  4  4
25. c-19 2  1  1  2  1  2  1  0  1  2  1  2  2  1  2  4  2  1  2  3  3  4  3  1  -  5  3  6  3  2  4  5
26. c-29 2  3  3  3  2  4  2  1  2  3  3  4  3  3  3  3  4  2  2  3  4  3  2  3  2  -  5  4  3  3  4  5
27. c-30 1  2  0  4  3  3  3  3  1  3  3  3  3  4  4  3  2  3  3  3  4  4  4  4  3  2  -  5  3  2  3  4
28. c-28 1  1  1  2  2  2  2  1  1  2  2  3  1  3  4  3  2  3  3  3  2  2  5  3  1  4  2  -  2  2  4  4
29. c-20 1  1  0  2  0  2  0  1  2  3  1  1  2  2  1  2  2  0  2  1  1  1  2  0  3  3  3  4  -  1  4  3
30. c-25 1  1  1  2  2  3  3  1  1  4  3  1  2  2  2  2  2  0  1  2  3  3  3  2  3  2  3  4  3  -  4  6
31. c-11 1  2  2  4  2  2  1  2  2  3  0  3  1  2  2  3  3  2  2  2  1  4  2  2  3  3  4  3  3  1  -  4
32. c-21 1  1  1  3  2  3  2  2  1  3  2  2  2  2  3  2  1  1  1  1  2  2  3  3  2  3  3  4  3  0  3  -
