1. c-1 (未被任何其他投票选项击败)
2. c-6
3. c-7, 负于 c-1，差距为 4–3
4. c-12, 负于 c-7，差距为 6–2
5. c-24, 负于 c-12，差距为 6–2
6. c-17, 负于 c-24，差距为 5–2
7. c-10, 负于 c-17，差距为 6–3
8. c-27, 负于 c-10，差距为 6–3
9. c-4, 负于 c-27，差距为 5–2
10. c-32, 负于 c-4，差距为 5–3
11. c-14, 负于 c-32，差距为 6–3
12. c-13, 负于 c-14，差距为 5–2
13. c-2, 负于 c-13，差距为 5–2
14. c-16, 负于 c-2，差距为 5–2
15. c-22, 负于 c-16，差距为 5–3
16. c-15, 负于 c-22，差距为 5–2
17. c-18, 负于 c-15，差距为 4–3
18. c-5, 负于 c-18，差距为 4–2
19. c-25, 负于 c-5，差距为 3–1
20. c-23, 负于 c-5，差距为 3–1
21. c-9, 负于 c-23，差距为 5–1
22. c-31, 负于 c-9，差距为 5–4
23. c-26, 负于 c-31，差距为 5–3
24. c-3, 负于 c-9，差距为 5–4
25. c-8, 负于 c-3，差距为 6–2
26. c-19, 负于 c-8，差距为 5–1
27. c-29, 负于 c-19，差距为 5–2
28. c-20, 负于 c-8，差距为 5–0
29. c-30, 负于 c-29，差距为 5–2
30. c-28, 负于 c-30，差距为 5–2
31. c-11, 负于 c-28，差距为 4–3
32. c-21, 负于 c-11，差距为 4–3


c-1  - 3 4 6 5 5 4 5 4 7 7 3 4 6 4 6 5 4 4 4 5 5 6 6 5 4 5 4 5 7 5 6
c-6  4 - 3 6 5 6 4 3 5 5 6 4 4 5 4 6 5 3 3 2 5 5 5 5 6 5 4 4 5 6 4 6
c-7  3 4 - 6 5 5 3 4 5 5 7 6 5 4 5 5 5 4 3 4 5 6 5 5 5 6 4 6 6 6 5 6
c-12 2 2 2 - 6 4 5 4 4 6 5 5 6 6 3 4 5 4 5 3 4 5 6 5 6 6 5 6 5 6 5 7
c-24 1 1 1 2 - 5 4 3 2 4 4 4 3 3 4 3 3 3 3 3 5 4 4 4 5 5 4 4 3 4 5 5
c-17 2 2 2 5 2 - 6 4 3 5 6 5 5 4 3 6 5 4 3 2 5 6 6 6 5 6 6 6 5 6 5 6
c-10 4 4 5 5 4 3 - 6 4 6 6 5 4 5 4 4 3 5 3 4 7 6 7 5 5 7 7 7 5 7 7 7
c-27 2 4 3 5 4 4 3 - 5 5 6 4 4 6 4 5 5 5 4 3 6 5 6 6 4 7 8 5 4 7 5 6
c-4  3 2 2 4 4 4 4 2 - 5 5 2 4 4 3 4 4 4 4 3 4 4 5 6 4 5 5 3 3 4 4 6
c-32 1 3 3 4 4 4 4 4 3 - 6 5 6 5 4 7 5 4 4 2 5 4 5 4 6 6 6 6 4 5 6 6
c-14 1 2 1 4 3 2 3 2 3 3 - 5 4 4 4 4 3 3 3 3 3 3 4 5 3 5 4 4 5 6 4 7
c-13 3 2 0 3 4 2 3 3 4 3 2 - 5 3 4 3 3 2 3 3 3 3 4 4 3 4 4 4 3 5 3 4
c-2  2 2 1 2 4 2 4 3 3 2 3 2 - 5 5 3 3 2 4 4 4 4 6 3 2 3 4 4 4 4 4 5
c-16 1 2 3 3 4 4 4 2 3 4 4 4 2 - 5 4 4 3 4 5 5 5 3 5 6 5 5 4 4 7 6 7
c-22 2 2 1 5 3 4 4 3 3 4 3 3 2 3 - 5 5 3 3 3 4 4 5 4 5 4 3 4 4 5 5 5
c-15 2 2 3 5 4 2 5 3 4 2 5 4 4 4 2 - 4 5 5 3 4 4 4 5 4 6 6 6 4 5 5 7
c-18 1 2 1 3 3 3 5 2 2 3 4 3 3 4 2 3 - 4 3 2 5 4 5 4 4 3 4 4 4 4 4 7
c-5  2 3 3 3 2 2 2 1 2 3 4 3 3 4 3 2 2 - 3 3 5 3 4 2 2 5 4 3 4 5 4 6
c-25 1 1 1 1 2 2 3 1 1 2 2 2 2 2 3 0 2 1 - 3 4 3 3 3 2 3 2 3 3 4 4 6
c-23 1 2 0 3 2 3 2 2 2 4 2 2 2 1 3 2 3 1 3 - 5 5 3 4 3 4 2 3 2 4 5 4
c-9  3 3 3 6 3 4 3 3 4 5 6 5 4 4 4 5 3 2 2 1 - 5 6 5 6 6 6 4 5 7 5 6
c-31 2 2 1 4 3 2 3 3 3 5 5 4 3 4 4 4 4 4 3 1 4 - 5 4 4 4 4 5 3 6 6 7
c-26 1 2 2 3 3 2 2 2 3 4 4 3 2 5 2 4 2 2 3 3 3 3 - 4 3 4 5 5 3 6 3 6
c-3  1 2 2 4 4 2 4 2 1 5 3 4 4 3 3 3 3 4 2 1 4 4 4 - 6 4 6 4 3 3 5 5
c-8  1 1 1 2 2 3 3 3 2 2 4 4 4 1 1 3 3 3 2 1 2 3 4 2 - 5 4 5 3 4 4 4
c-19 2 1 1 2 1 1 1 0 2 2 2 2 4 2 2 1 3 1 2 1 2 3 4 3 1 - 5 3 3 6 4 5
c-29 2 3 3 4 3 2 2 1 2 3 4 3 3 3 4 2 3 2 3 3 3 4 3 2 3 2 - 3 5 4 4 5
c-20 1 1 0 1 2 0 0 1 2 1 2 2 2 2 2 0 1 2 1 1 3 1 1 2 0 3 3 - 3 4 4 3
c-30 1 2 0 3 4 3 3 3 3 4 2 4 3 3 3 3 3 1 2 3 3 4 4 4 4 3 2 3 - 5 3 4
c-28 1 1 1 3 3 2 2 1 3 4 2 2 3 1 2 3 3 1 2 2 2 2 2 5 3 1 4 2 2 - 4 4
c-11 1 2 2 3 2 2 1 2 2 2 3 4 3 1 2 2 2 2 1 0 3 1 4 2 2 3 3 3 4 3 - 4
c-21 1 1 1 2 2 2 2 2 1 3 1 3 2 2 3 1 1 1 0 2 3 2 2 3 3 2 3 3 3 4 3 -
